10012
10014
10020
10189
10193
10196
10201
10204
10210
10211
10215
10216
10224
10225
10232
10233
10244
10245
10246
10283
10300
10314
10336
10342
10343
10541
10548
10551
10554
10559
1058
10609
10610
10671
10735
10757
10767
10791
10803
10804
10942
10971
10972
10988
10989
11050
11165
11190
11212
11247
11268
11297
11301
11335
11339
11343
11363
11383
11400
11401
11407
11422
11451
11498
11502
11512
11513
11540
11552
11565
11587
11588
11597
11639
11759
11760
11796
11797
1182
1183
11963
11964
1205
1207
1208
12277
12287
12512
1264
1266
12729
12808
12833
1315
1316
13323
1336
13364
13393
1340
13406
13407
13411
138
13850
14241
14354
14604
14636
1496
1505
1515
1516
153
1537
15863
1600
1602
1606
1608
16282
16321
16331
16336
16351
16361
16370
16389
16394
16404
1642
16422
1643
16582
16584
16619
16690
16695
16721
16742
16749
16920
16937
16995
17036
17058
1710
17109
17112
17113
17126
17128
17129
17169
17201
17280
17282
17283
17320
17332
17364
17365
17397
1745
17453
17460
17487
17553
17555
17563
17571
17573
17612
1763
17657
1768
1773
17741
17744
17751
17753
1778
1783
1788
17920
17921
17922
17923
1793
1794
1795
17960
17971
17978
1800
1801
18012
1802
1803
1804
1805
18173
1885
1889
1892
1929
1930
1944
1945
1971
1973
2000
2009
2010
2019
2020
2103
2105
2112
2117
2118
2145
2177
2182
2188
2189
2193
2195
2197
2199
2201
2202
2204
2206
2208
2210
2211
2213
2380
2439
2458
2459
2461
2571
2572
2581
2583
2585
2587
2629
2630
2631
2652
2653
2674
2675
2696
2697
270
2718
2719
2740
2741
2761
2762
2783
2784
2805
2806
2827
2828
2849
2850
2871
2874
2895
2898
2919
2920
2941
2942
2963
2964
3002
3004
3020
3021
3022
3023
3030
3032
3034
3116
3129
3130
3131
3133
3134
3135
3136
3138
3139
3140
3142
3143
3186
3188
3194
3206
3229
324
3246
3247
3435
3436
3437
3438
3439
3440
3470
3473
3474
3476
3477
3479
3480
3482
3484
3485
3486
3487
3490
3491
3493
3494
3509
3544
3546
3576
3588
3589
3590
3591
3592
3593
3594
3595
3596
3673
3674
3695
3696
3717
3718
3805
3812
3813
3826
3828
3829
3830
3890
4067
4151
4167
4174
4181
4191
4195
4199
4213
4230
4231
4232
4233
4234
4235
4236
4237
4238
4239
4273
4274
4276
4278
4279
4281
4283
4285
4287
4288
4290
4291
4293
4295
4296
4298
4299
4301
4303
4304
4306
4307
4309
4311
4312
4314
4315
4317
4319
4320
4322
4323
4325
4327
4328
4330
4331
4333
4335
4336
4338
4339
4341
4343
4344
4346
4347
4349
4351
4352
4354
4355
4357
4359
4360
4362
4363
4365
4367
4368
4370
4371
4373
4375
4376
4378
4379
4381
4383
4384
4413
4414
4441
4443
4445
4446
4447
4449
4451
4452
4469
4477
4480
4483
4486
4489
4492
4555
4556
4558
4560
4561
4563
4565
4567
4568
4614
4644
4645
4647
4648
4650
4656
4657
4659
4660
4670
4671
4673
4674
4675
4683
4684
4685
4689
4723
4724
4726
4727
4739
4740
4742
4744
4745
4781
4796
4797
4798
4804
4805
4810
4815
4816
4893
4894
4895
4896
4897
4898
4902
4903
4904
4905
4934
4935
4978
5023
5024
5052
5056
5058
5062
5064
5068
5074
5079
5129
5134
5159
5164
5201
5202
5203
5391
5444
5445
5446
5447
5448
5449
554
5577
5582
5588
5589
5590
5591
5592
5593
5594
5841
600
6306
642
6467
6532
662
6662
6715
6747
6751
6757
6762
6763
6817
6818
6832
6837
6842
6863
6894
6947
6948
6958
6960
6963
6964
6966
6967
6971
6990
6994
7008
7009
7013
7014
7016
7069
7081
7082
7088
7089
7095
7118
7169
7232
7239
7243
7246
7250
7251
7270
7271
7308
7334
7377
7521
7525
7526
7529
7535
7567
7571
7577
7589
7612
7617
7669
7670
7710
7746
7748
7833
7834
7838
7842
7843
7845
7846
7854
7881
7884
7893
7913
7960
7979
7998
8024
8037
8039
8063
8094
813
8178
822
823
824
8277
8391
8407
8485
8490
8680
8767
903
904
905
9070
9071
9226
955
956
9657
9760
9810
9817
9927
9935
9972
9973
9992
9994
9995
