10003
10005
10006
10008
10009
10010
10011
10029
10030
10032
10033
10034
10035
10036
10037
10066
10067
10068
10069
10070
10071
10072
10107
10108
10109
10110
10111
10112
10119
10121
10122
10126
10127
10128
10135
10136
10137
10138
10154
10155
10156
10158
10171
10172
10173
10176
10180
10181
10182
10183
10184
10198
10213
10214
10221
10241
10242
10243
10247
10248
10249
10250
10251
10252
10275
10278
10280
10281
10287
10289
10290
10291
10292
10295
10364
10365
10368
10375
10376
10381
10382
10384
10387
10394
10398
10399
10400
10406
10407
10408
10410
10419
10421
10423
10424
10446
10447
10448
10449
10452
10453
10454
10455
10457
10458
10459
10461
10462
10463
10464
10478
10487
10488
10489
10499
10500
10522
10523
10524
10526
10545
10546
10560
10562
10563
10564
10565
10566
10568
10579
10581
10585
10593
10594
10600
10607
10611
10612
10613
10614
10616
10619
10620
10621
10622
10623
10631
10633
10634
10636
10637
10638
10639
10640
10641
10642
10643
10644
10645
10646
10648
10650
10667
10668
10669
10672
10674
10678
10679
10680
10681
10682
10683
10684
10685
10687
10689
10705
10706
10707
10708
10715
10716
10717
10722
10723
10724
10725
10743
10744
10754
10755
10756
10772
10773
10774
10801
10811
10813
10814
10816
10817
10818
10819
10820
10823
10824
10825
10827
10828
10829
10833
10834
10835
10837
10839
10840
10842
10844
10846
10848
10849
10850
10851
10852
10853
10856
10857
10858
10859
10860
10861
10862
10863
10864
10865
10868
10871
10874
10875
10876
10880
10881
10882
10888
10889
10890
10891
10901
10903
10904
10905
10906
10912
10913
10914
10915
10924
10925
10928
10929
10930
10931
10932
10933
10937
10938
10939
10940
10941
10944
10946
10947
10948
10984
10990
10991
10994
10996
10997
10998
10999
11004
11005
11010
11012
11019
11020
11022
11056
11057
11058
11059
11070
11071
11072
11073
11074
11076
11085
11086
11087
11088
11089
11090
11091
11100
11101
11102
11103
11109
11110
11128
11129
11130
11135
11137
11138
11140
11141
11144
11146
11148
11149
11153
11154
11155
11156
11157
11218
11219
11220
11221
11222
11225
11226
11227
11243
11244
11246
11283
11306
11307
11308
11309
11310
11313
11314
11320
11322
11323
11325
11345
11347
11348
11351
11352
11357
11358
11359
11360
11374
11381
11382
11387
11391
11392
11393
11398
11410
11411
11413
11414
11417
11424
11425
11426
11430
11431
11432
11434
11435
11437
11438
11441
11443
11445
11447
11452
11459
11460
11464
11465
11466
11467
11504
11505
11526
11527
11528
11529
11530
11532
11533
11535
11541
11542
11545
11546
11547
11570
11581
11582
11584
11622
11623
11626
11627
11628
11629
11631
11633
11634
11635
11637
11638
11640
11641
11651
11652
11654
11656
11657
11659
11660
11662
11665
11666
11668
11669
11670
11674
11676
11677
11678
11680
11681
11683
11685
11686
11687
11689
11690
11693
11695
11697
11698
11699
11700
11702
11703
11705
11709
11710
11716
11717
11724
11726
11727
11729
11730
11732
11733
11734
11736
11737
11740
11742
11743
11745
11750
11751
11765
11766
11767
11768
11769
11770
11773
11774
11786
11799
11805
11808
11822
11823
11826
11827
11911
11934
11935
11936
11949
11950
11976
11981
11982
11983
11984
11985
11986
11990
11991
11992
11993
11994
11995
11998
11999
12020
12021
12022
12023
12024
12025
12027
12028
12029
12136
12137
12138
12140
12305
12306
12307
12308
12309
12313
12314
12320
12321
12322
12323
12325
12333
12334
12335
12336
12337
12338
12339
12340
12341
12343
12344
12345
12346
12347
12348
12349
12350
12351
12352
12353
12354
12355
12356
12357
12358
12359
12360
12361
12363
12364
12365
12366
12367
12369
12370
12371
12373
12374
12375
12376
12377
12378
12379
12380
12387
12388
12389
12390
12391
12395
12396
12397
12398
12408
12440
12441
12442
12443
12444
12445
12446
12447
12448
12449
12452
12453
12460
12461
12462
12463
12464
12465
12466
12467
12468
12469
12474
12475
12504
12505
12509
12510
12511
12522
12523
12524
12527
12528
12529
12530
12532
12533
12587
12589
12590
12591
12648
12649
12650
12651
12654
12655
12679
12680
12681
12682
12683
12684
12685
12686
12687
12688
12690
12691
12692
12693
12694
12695
12696
12697
12698
12699
12710
12711
12713
12714
12715
12716
12717
12718
12719
12720
12721
12722
12730
12731
12732
12776
12778
12779
12780
12781
12785
12786
12787
12788
12789
12790
12791
12792
12793
12801
12802
12803
12804
12822
12823
12826
12827
12828
12829
12875
12919
12925
13005
13006
13007
13008
13024
13025
13026
13038
13039
13040
13041
13042
13046
13082
13083
13114
13115
13116
13152
13153
13154
13155
13157
13158
13172
13200
13201
13202
13203
13204
13205
13206
13207
13208
13217
13218
13219
13226
13227
13228
13229
13231
13251
13252
13271
13294
13316
13317
13336
13338
13339
13386
13387
13403
13405
13547
13548
13549
13551
13555
13556
13562
13563
13564
13578
13588
13599
13600
13601
13602
13603
13609
13610
13611
13616
13617
13618
13619
13620
13657
13658
13659
13680
13681
13704
13705
13712
13713
13714
13734
13735
13753
13754
13772
13785
13812
13813
13825
13826
13827
13828
13830
13831
13837
13838
13839
13840
13842
13917
13918
13959
13960
13961
14056
14057
14058
14059
14060
14140
14141
14142
14215
14224
14225
14226
14233
14314
14316
14318
14343
14344
14355
14357
14358
14382
14390
14391
14392
14461
14462
14464
14546
14548
14549
14550
14551
14552
14565
14566
14567
14582
14584
14618
14620
14656
14657
14665
14666
14667
14668
14669
14670
14671
14672
14673
14674
14675
14676
14677
14678
14680
14681
14682
14683
14684
14685
14686
14687
14708
14709
14710
14711
14712
14713
14720
14721
14722
14723
14724
14725
14726
14735
14736
14740
14741
14742
14743
14752
14753
14754
14789
14790
14791
14802
14803
14804
14805
14813
14814
14815
14816
14826
14827
14828
14830
14835
14836
14837
14838
14840
14847
14848
14849
14855
14858
14859
14860
14861
14862
14863
14873
14874
14875
14876
14882
14883
14885
14886
14888
14889
14890
14951
14952
14953
14954
14955
14956
14957
14958
14959
14960
14961
14982
14990
14991
15000
15001
15002
15004
15015
15016
15017
15019
15020
15021
15023
15024
15025
15026
15042
15043
15056
15057
15067
15068
15069
15070
15071
15072
15073
15074
15075
15082
15083
15085
15087
15088
15090
15092
15093
15094
15095
15096
15097
15098
15099
15101
15105
15106
15107
15116
15117
15126
15127
15128
15131
15132
15133
15134
15137
15138
15139
15140
15141
15142
15143
15144
15145
15147
15148
15149
15150
15153
15154
15155
15156
15159
15160
15161
15164
15165
15166
15167
15168
15169
15170
15171
15172
15173
15174
15175
15176
15177
15178
15180
15181
15182
15183
15184
15185
15186
15187
15188
15194
15195
15198
15199
15203
15204
15205
15206
15207
15208
15209
15211
15212
15213
15214
15215
15216
15217
15218
15219
15220
15221
15222
15223
15224
15225
15227
15228
15234
15235
15236
15237
15239
15240
15247
15248
15250
15251
15252
15253
15254
15255
15257
15258
15259
15260
15261
15262
15263
15264
15265
15266
15268
15275
15277
15278
15313
15314
15315
15317
15318
15322
15323
15333
15334
15335
15336
15338
15339
15340
15341
15342
15346
15347
15348
15350
15375
15376
15378
15380
15381
15382
15384
15385
15386
15387
15390
15391
15392
15407
15408
15409
15427
15428
15429
15440
15441
15442
15443
15445
15446
15447
15448
15460
15461
15462
15464
15465
15467
15468
15470
15476
15494
15495
15497
15498
15499
15508
15509
15510
15511
15512
15528
15529
15586
15587
15597
15598
15599
15601
15602
15603
15604
15605
15606
15610
15611
15612
15613
15614
15616
15617
15618
15619
15620
15621
15622
15624
15625
15626
15627
15629
15630
15631
15633
15634
15635
15636
15639
15640
15641
15642
15643
15644
15645
15646
15647
15648
15649
15650
15651
15652
15653
15654
15655
15656
15659
15660
15661
15662
15664
15665
15666
15668
15669
15670
15671
15675
15676
15677
15678
15683
15684
15685
15686
15687
15688
15689
15694
15697
15698
15699
15700
15701
15703
15704
15764
15765
15832
15834
15835
15840
15841
15842
15849
15850
15851
15856
15857
15858
15859
15864
15883
15887
15925
15926
15928
15937
15939
15940
15941
15942
15943
15945
15946
15948
15949
15950
15951
15981
15982
16006
16007
16008
16009
16010
16031
16032
16045
16065
16108
16109
16110
16111
16112
16114
16115
16235
16236
16237
16242
16243
16263
16264
16265
16267
16345
16347
16349
16356
16357
16358
16360
16364
16365
16367
16405
16406
16424
16458
16495
16496
16497
16499
16500
16501
16504
16505
16506
16508
16509
16510
16512
16513
16514
16517
16518
16519
16521
16523
16526
16530
16532
16533
16534
16543
16544
16545
16546
16547
16551
16552
16553
16563
16564
16565
16567
16568
16569
16590
16591
16592
16593
16596
16597
16598
16612
16613
16614
16618
16630
16631
16632
16633
16644
16645
16646
16647
16652
16656
16657
16658
16659
16660
16663
16664
16665
16666
16667
16668
16669
16670
16673
16676
16677
16678
16679
16680
16683
16684
16696
16697
16698
16699
16701
16708
16709
16714
16715
16716
16722
16723
16724
16725
16726
16727
16728
16729
16730
16751
16752
16753
16754
16755
16757
16760
16761
16763
16764
16765
16766
16768
16769
16772
16773
16924
16930
16931
16974
16975
16977
16979
16997
16998
16999
17000
17001
17002
17032
17033
17034
17055
17075
17102
17103
17104
17119
17120
17121
17122
17123
17124
17142
17143
17144
17145
17146
17147
17154
17155
17156
17157
17158
17159
17183
17184
17185
17186
17187
17188
17189
17204
17205
17206
17207
17208
17209
17210
17310
17311
17312
17313
17314
17315
17323
17324
17325
17329
17336
17338
17348
17353
17355
17374
17380
17382
17383
17384
17385
17387
17398
17399
17417
17423
17424
17427
17445
17446
17448
17449
17450
17451
17452
17461
17462
17464
17465
17466
17467
17468
17469
17471
17472
17473
17474
17475
17499
17500
17502
17503
17504
17505
17534
17535
17536
17537
17538
17541
17542
17543
17544
17545
17585
17586
17587
17589
17590
17591
17592
17593
17594
17595
17596
17620
17621
17622
17624
17625
17626
17627
17628
17629
17630
17631
17632
17633
17634
17636
17637
17638
17639
17640
17641
17642
17643
17644
17645
17648
17649
17650
17651
17652
17653
17654
17655
17656
17671
17672
17673
17675
17676
17677
17678
17679
17680
17681
17682
17719
17720
17721
17722
17723
17724
17725
17726
17727
17728
17770
17771
17772
17774
17775
17776
17777
17779
17780
17781
17782
17783
17784
17785
17791
17792
17793
17794
17795
17796
17797
17798
17799
17800
17801
17802
17803
17804
17844
17845
17846
17848
17849
17854
17855
17857
17858
17899
17900
17901
17902
17904
17930
17931
17932
17938
17939
17940
17941
17942
17943
17944
17972
17973
17974
17992
17993
17994
17995
17996
18005
18006
18007
18009
18013
18014
18015
18033
18034
18035
18036
18037
18038
18039
18041
18042
18043
18044
18045
18046
18060
18061
18062
18086
18089
18090
18165
18167
18169
18174
18175
18176
18177
18178
18179
18180
18181
18182
18183
18184
18186
6318
6319
6320
6321
6322
6323
6324
6325
6326
6339
6340
6341
6342
6343
6344
6345
6346
6347
6348
6349
6350
6351
6352
6353
6354
6355
6356
6378
6379
6380
6383
6384
6385
6386
6392
6399
6403
6404
6406
6410
6411
6415
6418
6424
6427
6441
6442
6443
6444
6445
6446
6447
6451
6452
6454
6456
6457
6461
6462
6465
6535
6536
6537
6538
6539
6540
6541
6542
6544
6545
6547
6548
6574
6579
6580
6611
6612
6614
6615
6616
6617
6619
6620
6621
6622
6625
6626
6627
6630
6631
6632
6633
6634
6635
6636
6640
6641
6645
6646
6647
6649
6650
6651
6652
6689
6690
6691
6693
6694
6695
6696
6697
6699
6700
6701
6706
6707
6711
6712
6713
6714
6722
6724
6725
6734
6735
6736
6749
6755
6764
6768
6772
6773
6780
6782
6783
6789
6790
6796
6801
6802
6806
6807
6808
6810
6819
6820
6822
6823
6899
6900
6901
6902
6903
6904
6905
6906
6907
6908
6913
6914
6920
6925
6926
6932
6943
6950
6951
6954
6956
6969
6974
6975
6976
6977
6978
6987
7063
7064
7065
7067
7068
7074
7078
7079
7091
7096
7097
7098
7099
7101
7102
7103
7104
7105
7106
7107
7108
7109
7110
7111
7112
7125
7126
7137
7138
7139
7140
7141
7142
7145
7147
7148
7149
7150
7151
7153
7175
7176
7177
7180
7181
7182
7183
7184
7225
7227
7234
7235
7238
7241
7242
7248
7249
7252
7253
7255
7256
7258
7261
7262
7263
7273
7274
7276
7277
7280
7281
7282
7283
7284
7285
7402
7403
7404
7431
7432
7433
7460
7461
7462
7463
7464
7465
7466
7467
7468
7473
7474
7476
7634
7635
7636
7637
7638
7697
7698
7699
7700
7701
7702
7703
7704
7705
7706
7707
7708
7709
7724
7725
7727
7728
7729
7731
7759
7760
7762
7763
7764
7765
7769
7770
7774
7775
7776
7777
7778
7780
7781
7782
7783
7784
7791
7792
7804
7805
7806
7816
7826
7827
7828
7840
7841
7850
7851
7853
7869
7870
7871
7872
7873
7874
7880
7898
7899
7900
7902
7905
7908
7909
7910
7920
7921
7922
7923
7924
7928
7929
7930
7931
7932
7933
7934
7935
7936
7937
7938
7947
7948
7949
7950
7951
7952
7964
7965
7966
7967
8003
8006
8017
8018
8020
8022
8023
8036
8040
8041
8042
8056
8057
8065
8066
8067
8068
8069
8070
8071
8072
8073
8075
8083
8084
8085
8086
8087
8104
8107
8117
8118
8119
8120
8121
8122
8123
8132
8133
8134
8135
8136
8137
8138
8144
8145
8146
8147
8148
8149
8151
8152
8153
8154
8155
8157
8158
8159
8160
8162
8163
8164
8165
8166
8167
8168
8169
8170
8171
8172
8173
8174
8175
8176
8183
8184
8185
8186
8196
8199
8210
8211
8221
8222
8223
8225
8226
8227
8264
8370
8371
8372
8373
8374
8375
8376
8377
8378
8379
8380
8417
8420
8421
8422
8423
8424
8425
8426
8427
8438
8449
8450
8451
8452
8453
8454
8455
8456
8457
8458
8460
8461
8462
8463
8464
8465
8466
8495
8496
8497
8498
8499
8500
8501
8507
8510
8511
8520
8521
8522
8523
8525
8526
8527
8528
8529
8530
8531
8532
8558
8562
8566
8567
8574
8583
8608
8610
8646
8648
8655
8656
8657
8658
8659
8660
8666
8667
8669
8670
8671
8673
8674
8675
8677
8678
8691
8692
8694
8696
8698
8701
8702
8705
8706
8707
8708
8710
8711
8712
8714
8715
8716
8717
8738
8739
8744
8745
8746
8747
8760
8761
8762
8763
8764
8770
8771
8773
8774
8775
8776
8777
8778
8779
8780
8781
8788
8791
8796
8811
8812
8822
8823
8824
8829
8830
8831
8832
8879
8885
8886
8887
8895
8896
8897
8898
8899
8901
8905
8906
8912
8913
8915
8916
8917
8920
8922
8924
8928
8929
8930
8942
8943
8950
8951
8973
8974
8994
8995
8996
8997
9019
9020
9021
9022
9041
9042
9043
9075
9076
9077
9078
9079
9080
9081
9082
9113
9114
9115
9116
9117
9132
9133
9137
9138
9160
9161
9162
9163
9164
9165
9166
9167
9168
9169
9170
9171
9172
9173
9174
9175
9176
9177
9194
9195
9196
9240
9241
9242
9243
9245
9246
9247
9248
9249
9259
9260
9261
9268
9283
9284
9285
9286
9287
9288
9289
9290
9291
9292
9302
9303
9304
9305
9307
9308
9309
9310
9311
9312
9342
9343
9344
9345
9355
9356
9357
9358
9387
9388
9389
9390
9424
9425
9426
9427
9428
9429
9430
9454
9455
9456
9457
9458
9460
9464
9465
9467
9468
9469
9470
9472
9478
9479
9489
9490
9491
9492
9493
9494
9495
9502
9503
9504
9537
9538
9549
9550
9551
9555
9556
9557
9561
9562
9563
9564
9565
9566
9573
9574
9575
9577
9583
9594
9595
9597
9598
9599
9602
9603
9606
9607
9608
9621
9622
9623
9624
9625
9626
9689
9690
9691
9692
9693
9734
9735
9736
9737
9739
9750
9751
9761
9762
9767
9768
9769
9770
9771
9772
9774
9775
9777
9778
9779
9780
9781
9782
9785
9786
9787
9788
9789
9797
9798
9799
9800
9821
9823
9824
9825
9826
9827
9828
9829
9830
9831
9832
9859
9860
9861
9897
9898
9899
9914
9915
9916
9917
9955
9956
9957
9958
9959
9961
9962
9963
9964
9966
9967
9969
9970
9971
9982
9983
9984
9985
9986
9987
9988
